12
0.27,74,0.71,45,0.78,102,0.53,129,0.68,179,0.6,226,0.23,243,0.61,354,0.77,328,0.74,294,0.56,265,0.28,0
0.75,84,0.77,130,0.76,164,0.2,169,0.2,40,0.91,31,0.61,345,0.75,304,0.36,246,0.86,231,0.62,200,0.99,312
0.47,57,0.7,100,0.8,37,0.55,153,0.74,175,0.12,134,0.24,316,0.44,281,0.82,314,0.85,240,0.7,357,0.84,134
0.57,98,0.93,46,0.09,224,0.38,198,0.64,270,0.87,330,0.28,31,0.87,218,0.9,296,0.72,145,0.99,135,0.64,357
0.76,50,0.77,19,0.13,304,0.73,173,0.79,286,0.96,322,0.2,43,0.78,148,0.71,236,0.48,211,0.52,101,0.62,316
0.8,4,0.4,8,0.79,108,0.3,138,0.72,154,0.29,238,0.66,246,0.81,56,0.83,206,0.86,319,0.81,285,0.45,86
10
0.27,74,0.71,45,0.78,102,0.53,129,0.68,179,0.6,226,0.23,243,0.61,354,0.77,328,0.74,294
0.75,84,0.77,130,0.76,164,0.2,169,0.2,40,0.91,31,0.61,345,0.75,304,0.36,246,0.86,231
0.47,57,0.7,100,0.8,37,0.55,153,0.74,175,0.12,134,0.24,316,0.44,281,0.82,314,0.85,240
0.57,98,0.93,46,0.09,224,0.38,198,0.64,270,0.87,330,0.28,31,0.87,218,0.9,296,0.72,145
0.76,50,0.77,19,0.13,304,0.73,173,0.79,286,0.96,322,0.2,43,0.78,148,0.71,236,0.48,211
0.8,4,0.4,8,0.79,108,0.3,138,0.72,154,0.29,238,0.66,246,0.81,56,0.83,206,0.86,319
8
0.27,74,0.71,45,0.53,129,0.68,179,0.6,226,0.23,243,0.61,354,0.77,328
0.75,84,0.77,130,0.76,164,0.2,169,0.2,40,0.61,345,0.75,304,0.86,231
0.7,100,0.8,37,0.74,175,0.12,134,0.24,316,0.44,281,0.82,314,0.85,240
0.57,98,0.93,46,0.09,224,0.38,198,0.64,270,0.87,330,0.28,31,0.72,145
0.77,19,0.73,173,0.79,286,0.96,322,0.2,43,0.78,148,0.71,236,0.48,211
0.8,4,0.4,8,0.3,138,0.72,154,0.29,238,0.66,246,0.81,56,0.83,206
6
0.27,74,0.71,45,0.53,129,0.6,226,0.63,243,0.77,328
0.75,84,0.76,164,0.2,169,0.2,40,0.61,345,0.86,231
0.7,100,0.8,37,0.74,175,0.12,134,0.44,281,0.82,314
0.93,46,0.09,224,0.64,270,0.87,330,0.28,31,0.72,145
0.77,19,0.79,286,0.2,43,0.78,148,0.71,236,0.48,211
0.8,4,0.3,138,0.72,154,0.29,283,0.66,246,0.81,56
